06b850d4-7e58-4a54-8734-d02c51f6bcf0.png,dbe8343f-6380-4f10-8e4c-d4464de683fc
0a48bd47-1475-4e8b-baba-8c8d0fcb8599.png,dbe8343f-6380-4f10-8e4c-d4464de683fc
0e4ddaa4-be32-4bfa-b14e-50c9f1cbdb70.png,dbe8343f-6380-4f10-8e4c-d4464de683fc
0eec9c4c-0db0-4ff8-b3c3-f81ab75d049b.png,dbe8343f-6380-4f10-8e4c-d4464de683fc
0ef10c99-cb5a-4c8e-9cef-cfd32f50e486.png,dbe8343f-6380-4f10-8e4c-d4464de683fc
22cc3f5b-c920-4d18-9b16-6b643538cda7.png,dbe8343f-6380-4f10-8e4c-d4464de683fc
32aa9512-38e8-4ec8-aa11-2ebec4b2d118.png,dbe8343f-6380-4f10-8e4c-d4464de683fc
33def0e2-c5d2-414b-83d9-d247b0f6a721.png,dbe8343f-6380-4f10-8e4c-d4464de683fc
37c3e4ea-9290-4dcb-be99-b31e50ed5b5e.pdf,dbe8343f-6380-4f10-8e4c-d4464de683fc
3c45b313-7b04-473d-b201-439856c637f6.gif,dbe8343f-6380-4f10-8e4c-d4464de683fc
06b850d4-7e58-4a54-8734-d02c51f6bcf0.png,dbe8343f-6380-4f10-8e4c-d4464de683fc
0a48bd47-1475-4e8b-baba-8c8d0fcb8599.png,dbe8343f-6380-4f10-8e4c-d4464de683fc
0e4ddaa4-be32-4bfa-b14e-50c9f1cbdb70.png,dbe8343f-6380-4f10-8e4c-d4464de683fc
0eec9c4c-0db0-4ff8-b3c3-f81ab75d049b.png,dbe8343f-6380-4f10-8e4c-d4464de683fc
0ef10c99-cb5a-4c8e-9cef-cfd32f50e486.png,dbe8343f-6380-4f10-8e4c-d4464de683fc
22cc3f5b-c920-4d18-9b16-6b643538cda7.png,dbe8343f-6380-4f10-8e4c-d4464de683fc
32aa9512-38e8-4ec8-aa11-2ebec4b2d118.png,dbe8343f-6380-4f10-8e4c-d4464de683fc
33def0e2-c5d2-414b-83d9-d247b0f6a721.png,dbe8343f-6380-4f10-8e4c-d4464de683fc
37c3e4ea-9290-4dcb-be99-b31e50ed5b5e.pdf,dbe8343f-6380-4f10-8e4c-d4464de683fc
3c45b313-7b04-473d-b201-439856c637f6.gif,dbe8343f-6380-4f10-8e4c-d4464de683fc
06b850d4-7e58-4a54-8734-d02c51f6bcf0.png,dbe8343f-6380-4f10-8e4c-d4464de683fc
0a48bd47-1475-4e8b-baba-8c8d0fcb8599.png,dbe8343f-6380-4f10-8e4c-d4464de683fc
0e4ddaa4-be32-4bfa-b14e-50c9f1cbdb70.png,dbe8343f-6380-4f10-8e4c-d4464de683fc
0eec9c4c-0db0-4ff8-b3c3-f81ab75d049b.png,dbe8343f-6380-4f10-8e4c-d4464de683fc
0ef10c99-cb5a-4c8e-9cef-cfd32f50e486.png,dbe8343f-6380-4f10-8e4c-d4464de683fc
22cc3f5b-c920-4d18-9b16-6b643538cda7.png,dbe8343f-6380-4f10-8e4c-d4464de683fc
32aa9512-38e8-4ec8-aa11-2ebec4b2d118.png,dbe8343f-6380-4f10-8e4c-d4464de683fc
33def0e2-c5d2-414b-83d9-d247b0f6a721.png,dbe8343f-6380-4f10-8e4c-d4464de683fc
37c3e4ea-9290-4dcb-be99-b31e50ed5b5e.pdf,dbe8343f-6380-4f10-8e4c-d4464de683fc
3c45b313-7b04-473d-b201-439856c637f6.gif,dbe8343f-6380-4f10-8e4c-d4464de683fc
06b850d4-7e58-4a54-8734-d02c51f6bcf0.png,dbe8343f-6380-4f10-8e4c-d4464de683fc
0a48bd47-1475-4e8b-baba-8c8d0fcb8599.png,dbe8343f-6380-4f10-8e4c-d4464de683fc
0e4ddaa4-be32-4bfa-b14e-50c9f1cbdb70.png,dbe8343f-6380-4f10-8e4c-d4464de683fc
0eec9c4c-0db0-4ff8-b3c3-f81ab75d049b.png,dbe8343f-6380-4f10-8e4c-d4464de683fc
0ef10c99-cb5a-4c8e-9cef-cfd32f50e486.png,dbe8343f-6380-4f10-8e4c-d4464de683fc
22cc3f5b-c920-4d18-9b16-6b643538cda7.png,dbe8343f-6380-4f10-8e4c-d4464de683fc
32aa9512-38e8-4ec8-aa11-2ebec4b2d118.png,dbe8343f-6380-4f10-8e4c-d4464de683fc
33def0e2-c5d2-414b-83d9-d247b0f6a721.png,dbe8343f-6380-4f10-8e4c-d4464de683fc
37c3e4ea-9290-4dcb-be99-b31e50ed5b5e.pdf,dbe8343f-6380-4f10-8e4c-d4464de683fc
3c45b313-7b04-473d-b201-439856c637f6.gif,dbe8343f-6380-4f10-8e4c-d4464de683fc
06b850d4-7e58-4a54-8734-d02c51f6bcf0.png,dbe8343f-6380-4f10-8e4c-d4464de683fc
0a48bd47-1475-4e8b-baba-8c8d0fcb8599.png,dbe8343f-6380-4f10-8e4c-d4464de683fc
0e4ddaa4-be32-4bfa-b14e-50c9f1cbdb70.png,dbe8343f-6380-4f10-8e4c-d4464de683fc
0eec9c4c-0db0-4ff8-b3c3-f81ab75d049b.png,dbe8343f-6380-4f10-8e4c-d4464de683fc
0ef10c99-cb5a-4c8e-9cef-cfd32f50e486.png,dbe8343f-6380-4f10-8e4c-d4464de683fc
22cc3f5b-c920-4d18-9b16-6b643538cda7.png,dbe8343f-6380-4f10-8e4c-d4464de683fc
32aa9512-38e8-4ec8-aa11-2ebec4b2d118.png,dbe8343f-6380-4f10-8e4c-d4464de683fc
33def0e2-c5d2-414b-83d9-d247b0f6a721.png,dbe8343f-6380-4f10-8e4c-d4464de683fc
37c3e4ea-9290-4dcb-be99-b31e50ed5b5e.pdf,dbe8343f-6380-4f10-8e4c-d4464de683fc
3c45b313-7b04-473d-b201-439856c637f6.gif,dbe8343f-6380-4f10-8e4c-d4464de683fc